X = [0.992, 0.995, 1.008, 1.012, 1.018, 1.021];
Y = [-0.0084, -0.0080, -0.0065, -0.0060, -0.0053, -0.0049];
