X = [1 3.2 3.5 4 4.2 5]
% X = [5 4.2 4 3.5 3.2 1];