Q = [-10 0 7 2];
P = [-3 7 0];
tol = 0.0001;