X = [1.8, 1.9, 2, 2.1, 2.2, 2.3, 2.4];
Y = [0.4134, 0.3900, 0.3637, 0.3351, 0.3046, 0.2727, 0.2398]