X = [1, 1.1, 1.2, 1.3, 1.4, 1.5];
Y = [1.71828, 1.79417, 1.88012, 1.97930, 2.09520, 2.23169];