X = [0.65, 0.75, 0.85, 0.95, 1.05, 1.15, 1.25];
Y = [-0.0650, -0.0454, -0.0283, -0.0137, -0.0017, 0.0081, 0.0160];
