X = [0.8, 0.9, 1.0, 1.1, 1.2, 1.3, 1.4, 1.5, 1.6, 1.7];
e = exp(1);
f = @(x) (x.^3 - 2) ./ (e.^(x-1) + 2);